# degree
3, 3
# shape
35, 35
# rational
1
# knots
 0.       0.       0.       0.       0.03125  0.0625   0.09375  0.125
  0.15625  0.1875   0.21875  0.25     0.28125  0.3125   0.34375  0.375
  0.40625  0.4375   0.46875  0.5      0.53125  0.5625   0.59375  0.625
  0.65625  0.6875   0.71875  0.75     0.78125  0.8125   0.84375  0.875
  0.90625  0.9375   0.96875  1.       1.       1.       1.     
# knots
 0.       0.       0.       0.       0.03125  0.0625   0.09375  0.125
  0.15625  0.1875   0.21875  0.25     0.28125  0.3125   0.34375  0.375
  0.40625  0.4375   0.46875  0.5      0.53125  0.5625   0.59375  0.625
  0.65625  0.6875   0.71875  0.75     0.78125  0.8125   0.84375  0.875
  0.90625  0.9375   0.96875  1.       1.       1.       1.     
# points
-0.70710678 -0.70710678  0.        
-0.69662616 -0.71737673  0.        
-0.67501183 -0.73763792  0.        
-0.64083633 -0.76690562  0.        
-0.60473669 -0.79507369  0.        
-0.56675005 -0.82198437  0.        
-0.52692998 -0.84747906  0.        
-0.4853471  -0.87140027  0.        
-0.44208943 -0.89359373  0.        
-0.39726245 -0.91391053  0.        
-0.35098877 -0.93220945  0.        
-0.30340751 -0.94835916  0.        
-0.25467328 -0.96224054  0.        
-0.20495478 -0.97374868  0.        
-0.15443307 -0.98279489  0.        
-0.10329954 -0.9893083   0.        
-0.05175357 -0.99323729  0.        
 -2.43937093e-17  -9.94550471e-01   0.00000000e+00
 0.05175357 -0.99323729  0.        
 0.10329954 -0.9893083   0.        
 0.15443307 -0.98279489  0.        
 0.20495478 -0.97374868  0.        
 0.25467328 -0.96224054  0.        
 0.30340751 -0.94835916  0.        
 0.35098877 -0.93220945  0.        
 0.39726245 -0.91391053  0.        
 0.44208943 -0.89359373  0.        
 0.4853471  -0.87140027  0.        
 0.52692998 -0.84747906  0.        
 0.56675005 -0.82198437  0.        
 0.60473669 -0.79507369  0.        
 0.64083633 -0.76690562  0.        
 0.67501183 -0.73763792  0.        
 0.69662616 -0.71737673  0.        
 0.70710678 -0.70710678  0.        
-0.71737673 -0.69662616  0.        
-0.70658866 -0.70658866  0.        
-0.68436867 -0.72623048  0.        
-0.64931319 -0.75457344  0.        
-0.61236752 -0.78181808  0.        
-0.573572   -0.80781595  0.        
-0.53298266 -0.83241833  0.        
-0.4906718 -0.855478   0.       
-0.44672821 -0.87685111  0.        
-0.40125717 -0.89639923  0.        
-0.35438007 -0.91399132  0.        
-0.30623379 -0.92950586  0.        
-0.25696968 -0.94283274  0.        
-0.20675225 -0.95387523  0.        
-0.15575749 -0.9625516   0.        
-0.10417101 -0.96879667  0.        
-0.05218582 -0.97256295  0.        
 -8.13116071e-18  -9.73821602e-01   0.00000000e+00
 0.05218582 -0.97256295  0.        
 0.10417101 -0.96879667  0.        
 0.15575749 -0.9625516   0.        
 0.20675225 -0.95387523  0.        
 0.25696968 -0.94283274  0.        
 0.30623379 -0.92950586  0.        
 0.35438007 -0.91399132  0.        
 0.40125717 -0.89639923  0.        
 0.44672821 -0.87685111  0.        
 0.4906718 -0.855478   0.       
 0.53298266 -0.83241833  0.        
 0.573572   -0.80781595  0.        
 0.61236752 -0.78181808  0.        
 0.64931319 -0.75457344  0.        
 0.68436867 -0.72623048  0.        
 0.70658866 -0.70658866  0.        
 0.71737673 -0.69662616  0.        
-0.73763792 -0.67501183  0.        
-0.72623048 -0.68436867  0.        
-0.70279266 -0.70279266  0.        
-0.66597351 -0.72932298  0.        
-0.62733836 -0.75476378  0.        
-0.58693314 -0.77898441  0.        
-0.54481809 -0.8018548   0.        
-0.50106807 -0.82324694  0.        
-0.45577263 -0.84303648  0.        
-0.40903591 -0.86110429  0.        
-0.36097623 -0.87733819  0.        
-0.31172541 -0.89163452  0.        
-0.26142784 -0.90389973  0.        
-0.21023928 -0.91405187  0.        
-0.15832537 -0.92202191  0.        
-0.10585999 -0.9277549   0.        
-0.05302335 -0.93121087  0.        
  2.43930421e-17  -9.32365566e-01   0.00000000e+00
 0.05302335 -0.93121087  0.        
 0.10585999 -0.9277549   0.        
 0.15832537 -0.92202191  0.        
 0.21023928 -0.91405187  0.        
 0.26142784 -0.90389973  0.        
 0.31172541 -0.89163452  0.        
 0.36097623 -0.87733819  0.        
 0.40903591 -0.86110429  0.        
 0.45577263 -0.84303648  0.        
 0.50106807 -0.82324694  0.        
 0.54481809 -0.8018548   0.        
 0.58693314 -0.77898441  0.        
 0.62733836 -0.75476378  0.        
 0.66597351 -0.72932298  0.        
 0.70279266 -0.70279266  0.        
 0.72623048 -0.68436867  0.        
 0.73763792 -0.67501183  0.        
-0.76690562 -0.64083633  0.        
-0.75457344 -0.64931319  0.        
-0.72932298 -0.66597351  0.        
-0.68989231 -0.68989231  0.        
-0.64876989 -0.71274955  0.        
-0.60600807 -0.73443877  0.        
-0.56167129 -0.75485493  0.        
-0.51583626 -0.77389551  0.        
-0.46859183 -0.79146168  0.        
-0.42003875 -0.80745947  0.        
-0.37028928 -0.82180092  0.        
-0.31946649 -0.83440526  0.        
-0.26770346 -0.84519995  0.        
-0.21514226 -0.85412173  0.        
-0.16193273 -0.86111752  0.        
-0.10823114 -0.86614517  0.        
-0.0541987  -0.86917412  0.        
 -3.25232329e-17  -8.70185836e-01   0.00000000e+00
 0.0541987  -0.86917412  0.        
 0.10823114 -0.86614517  0.        
 0.16193273 -0.86111752  0.        
 0.21514226 -0.85412173  0.        
 0.26770346 -0.84519995  0.        
 0.31946649 -0.83440526  0.        
 0.37028928 -0.82180092  0.        
 0.42003875 -0.80745947  0.        
 0.46859183 -0.79146168  0.        
 0.51583626 -0.77389551  0.        
 0.56167129 -0.75485493  0.        
 0.60600807 -0.73443877  0.        
 0.64876989 -0.71274955  0.        
 0.68989231 -0.68989231  0.        
 0.72932298 -0.66597351  0.        
 0.75457344 -0.64931319  0.        
 0.76690562 -0.64083633  0.        
-0.79507369 -0.60473669  0.        
-0.78181808 -0.61236752  0.        
-0.75476378 -0.62733836  0.        
-0.71274955 -0.64876989  0.        
-0.6691826 -0.6691826  0.       
-0.62411923 -0.68849135  0.        
-0.57762574 -0.70661287  0.        
-0.5297784  -0.72346652  0.        
-0.48066323 -0.73897513  0.        
-0.43037577 -0.7530658   0.        
-0.37902061 -0.76567073  0.        
-0.3267108  -0.77672798  0.        
-0.27356718 -0.78618219  0.        
-0.21971752 -0.7939853   0.        
-0.16529555 -0.80009711  0.        
-0.11043994 -0.80448577  0.        
-0.0552931  -0.80712827  0.        
  3.25224665e-17  -8.08010663e-01   0.00000000e+00
 0.0552931  -0.80712827  0.        
 0.11043994 -0.80448577  0.        
 0.16529555 -0.80009711  0.        
 0.21971752 -0.7939853   0.        
 0.27356718 -0.78618219  0.        
 0.3267108  -0.77672798  0.        
 0.37902061 -0.76567073  0.        
 0.43037577 -0.7530658   0.        
 0.48066323 -0.73897513  0.        
 0.5297784  -0.72346652  0.        
 0.57762574 -0.70661287  0.        
 0.62411923 -0.68849135  0.        
 0.6691826 -0.6691826  0.       
 0.71274955 -0.64876989  0.        
 0.75476378 -0.62733836  0.        
 0.78181808 -0.61236752  0.        
 0.79507369 -0.60473669  0.        
-0.82198437 -0.56675005  0.        
-0.80781595 -0.573572    0.        
-0.77898441 -0.58693314  0.        
-0.73443877 -0.60600807  0.        
-0.68849135 -0.62411923  0.        
-0.64119999 -0.64119999  0.        
-0.59263052 -0.65718568  0.        
-0.54285661 -0.67201412  0.        
-0.49195959 -0.68562623  0.        
-0.44002811 -0.69796654  0.        
-0.38715777 -0.70898375  0.        
-0.33345063 -0.71863122  0.        
-0.27901462 -0.72686747  0.        
-0.22396285 -0.73365662  0.        
-0.16841294 -0.73896874  0.        
-0.11248615 -0.74278022  0.        
-0.05630652 -0.74507398  0.        
 -6.50435137e-17  -7.45839722e-01   0.00000000e+00
 0.05630652 -0.74507398  0.        
 0.11248615 -0.74278022  0.        
 0.16841294 -0.73896874  0.        
 0.22396285 -0.73365662  0.        
 0.27901462 -0.72686747  0.        
 0.33345063 -0.71863122  0.        
 0.38715777 -0.70898375  0.        
 0.44002811 -0.69796654  0.        
 0.49195959 -0.68562623  0.        
 0.54285661 -0.67201412  0.        
 0.59263052 -0.65718568  0.        
 0.64119999 -0.64119999  0.        
 0.68849135 -0.62411923  0.        
 0.73443877 -0.60600807  0.        
 0.77898441 -0.58693314  0.        
 0.80781595 -0.573572    0.        
 0.82198437 -0.56675005  0.        
-0.84747906 -0.52692998  0.        
-0.83241833 -0.53298266  0.        
-0.8018548  -0.54481809  0.        
-0.75485493 -0.56167129  0.        
-0.70661287 -0.57762574  0.        
-0.65718568 -0.59263052  0.        
-0.60663655 -0.60663655  0.        
-0.55503466 -0.61959699  0.        
-0.50245497 -0.63146759  0.        
-0.44897791 -0.64220706  0.        
-0.39468906 -0.65177741  0.        
-0.33967876 -0.66014426  0.        
-0.28404167 -0.66727716  0.        
-0.22787621 -0.67314987  0.        
-0.17128406 -0.67774055  0.        
-0.11436953 -0.68103202  0.        
-0.05723895 -0.6830119   0.        
 -1.05693588e-16  -6.83672688e-01   0.00000000e+00
 0.05723895 -0.6830119   0.        
 0.11436953 -0.68103202  0.        
 0.17128406 -0.67774055  0.        
 0.22787621 -0.67314987  0.        
 0.28404167 -0.66727716  0.        
 0.33967876 -0.66014426  0.        
 0.39468906 -0.65177741  0.        
 0.44897791 -0.64220706  0.        
 0.50245497 -0.63146759  0.        
 0.55503466 -0.61959699  0.        
 0.60663655 -0.60663655  0.        
 0.65718568 -0.59263052  0.        
 0.70661287 -0.57762574  0.        
 0.75485493 -0.56167129  0.        
 0.8018548  -0.54481809  0.        
 0.83241833 -0.53298266  0.        
 0.84747906 -0.52692998  0.        
-0.87140027 -0.4853471   0.        
-0.855478  -0.4906718  0.       
-0.82324694 -0.50106807  0.        
-0.77389551 -0.51583626  0.        
-0.72346652 -0.5297784   0.        
-0.67201412 -0.54285661  0.        
-0.61959699 -0.55503466  0.        
-0.56627817 -0.56627817  0.        
-0.51212492 -0.57655486  0.        
-0.45720841 -0.58583475  0.        
-0.40160351 -0.59409039  0.        
-0.34538846 -0.60129708  0.        
-0.28864455 -0.60743299  0.        
-0.2314557  -0.61247937  0.        
-0.17390812 -0.61642068  0.        
-0.11608986 -0.61924471  0.        
-0.05809036 -0.62094266  0.        
 -1.62602540e-17  -6.21509235e-01   0.00000000e+00
 0.05809036 -0.62094266  0.        
 0.11608986 -0.61924471  0.        
 0.17390812 -0.61642068  0.        
 0.2314557  -0.61247937  0.        
 0.28864455 -0.60743299  0.        
 0.34538846 -0.60129708  0.        
 0.40160351 -0.59409039  0.        
 0.45720841 -0.58583475  0.        
 0.51212492 -0.57655486  0.        
 0.56627817 -0.56627817  0.        
 0.61959699 -0.55503466  0.        
 0.67201412 -0.54285661  0.        
 0.72346652 -0.5297784   0.        
 0.77389551 -0.51583626  0.        
 0.82324694 -0.50106807  0.        
 0.855478  -0.4906718  0.       
 0.87140027 -0.4853471   0.        
-0.89359373 -0.44208943  0.        
-0.87685111 -0.44672821  0.        
-0.84303648 -0.45577263  0.        
-0.79146168 -0.46859183  0.        
-0.73897513 -0.48066323  0.        
-0.68562623 -0.49195959  0.        
-0.63146759 -0.50245497  0.        
-0.57655486 -0.51212492  0.        
-0.52094659 -0.52094659  0.        
-0.46470404 -0.52889887  0.        
-0.407891   -0.53596253  0.        
-0.35057353 -0.54212029  0.        
-0.29281975 -0.54735698  0.        
-0.23469958 -0.55165958  0.        
-0.17628442 -0.55501734  0.        
-0.11764695 -0.5574218   0.        
-0.05886074 -0.55886692  0.        
 -6.50399375e-17  -5.59349036e-01   0.00000000e+00
 0.05886074 -0.55886692  0.        
 0.11764695 -0.5574218   0.        
 0.17628442 -0.55501734  0.        
 0.23469958 -0.55165958  0.        
 0.29281975 -0.54735698  0.        
 0.35057353 -0.54212029  0.        
 0.407891   -0.53596253  0.        
 0.46470404 -0.52889887  0.        
 0.52094659 -0.52094659  0.        
 0.57655486 -0.51212492  0.        
 0.63146759 -0.50245497  0.        
 0.68562623 -0.49195959  0.        
 0.73897513 -0.48066323  0.        
 0.79146168 -0.46859183  0.        
 0.84303648 -0.45577263  0.        
 0.87685111 -0.44672821  0.        
 0.89359373 -0.44208943  0.        
-0.91391053 -0.39726245  0.        
-0.89639923 -0.40125717  0.        
-0.86110429 -0.40903591  0.        
-0.80745947 -0.42003875  0.        
-0.7530658  -0.43037577  0.        
-0.69796654 -0.44002811  0.        
-0.64220706 -0.44897791  0.        
-0.58583475 -0.45720841  0.        
-0.52889887 -0.46470404  0.        
-0.47145048 -0.47145048  0.        
-0.41354225 -0.47743472  0.        
-0.35522831 -0.48264512  0.        
-0.29656412 -0.48707148  0.        
-0.23760627 -0.49070509  0.        
-0.17841232 -0.49353876  0.        
-0.11904061 -0.49556686  0.        
-0.05955007 -0.49678534  0.        
 -4.06493579e-17  -4.97191767e-01   0.00000000e+00
 0.05955007 -0.49678534  0.        
 0.11904061 -0.49556686  0.        
 0.17841232 -0.49353876  0.        
 0.23760627 -0.49070509  0.        
 0.29656412 -0.48707148  0.        
 0.35522831 -0.48264512  0.        
 0.41354225 -0.47743472  0.        
 0.47145048 -0.47145048  0.        
 0.52889887 -0.46470404  0.        
 0.58583475 -0.45720841  0.        
 0.64220706 -0.44897791  0.        
 0.69796654 -0.44002811  0.        
 0.7530658  -0.43037577  0.        
 0.80745947 -0.42003875  0.        
 0.86110429 -0.40903591  0.        
 0.89639923 -0.40125717  0.        
 0.91391053 -0.39726245  0.        
-0.93220945 -0.35098877  0.        
-0.91399132 -0.35438007  0.        
-0.87733819 -0.36097623  0.        
-0.82180092 -0.37028928  0.        
-0.76567073 -0.37902061  0.        
-0.70898375 -0.38715777  0.        
-0.65177741 -0.39468906  0.        
-0.59409039 -0.40160351  0.        
-0.53596253 -0.407891    0.        
-0.47743472 -0.41354225  0.        
-0.41854885 -0.41854885  0.        
-0.35934768 -0.42290331  0.        
-0.29987477 -0.42659908  0.        
-0.24017436 -0.42963059  0.        
-0.18029124 -0.43199323  0.        
-0.1202707  -0.43368341  0.        
-0.06015833 -0.43469855  0.        
  2.43892955e-17  -4.35037101e-01   0.00000000e+00
 0.06015833 -0.43469855  0.        
 0.1202707  -0.43368341  0.        
 0.18029124 -0.43199323  0.        
 0.24017436 -0.42963059  0.        
 0.29987477 -0.42659908  0.        
 0.35934768 -0.42290331  0.        
 0.41854885 -0.41854885  0.        
 0.47743472 -0.41354225  0.        
 0.53596253 -0.407891    0.        
 0.59409039 -0.40160351  0.        
 0.65177741 -0.39468906  0.        
 0.70898375 -0.38715777  0.        
 0.76567073 -0.37902061  0.        
 0.82180092 -0.37028928  0.        
 0.87733819 -0.36097623  0.        
 0.91399132 -0.35438007  0.        
 0.93220945 -0.35098877  0.        
-0.94835916 -0.30340751  0.        
-0.92950586 -0.30623379  0.        
-0.89163452 -0.31172541  0.        
-0.83440526 -0.31946649  0.        
-0.77672798 -0.3267108   0.        
-0.71863122 -0.33345063  0.        
-0.66014426 -0.33967876  0.        
-0.60129708 -0.34538846  0.        
-0.54212029 -0.35057353  0.        
-0.48264512 -0.35522831  0.        
-0.42290331 -0.35934768  0.        
-0.3629271 -0.3629271  0.       
-0.30274918 -0.36596262  0.        
-0.24240259 -0.36845086  0.        
-0.18192068 -0.37038904  0.        
-0.12133705 -0.37177501  0.        
-0.06068552 -0.37260721  0.        
 0.         -0.37288471  0.        
 0.06068552 -0.37260721  0.        
 0.12133705 -0.37177501  0.        
 0.18192068 -0.37038904  0.        
 0.24240259 -0.36845086  0.        
 0.30274918 -0.36596262  0.        
 0.3629271 -0.3629271  0.       
 0.42290331 -0.35934768  0.        
 0.48264512 -0.35522831  0.        
 0.54212029 -0.35057353  0.        
 0.60129708 -0.34538846  0.        
 0.66014426 -0.33967876  0.        
 0.71863122 -0.33345063  0.        
 0.77672798 -0.3267108   0.        
 0.83440526 -0.31946649  0.        
 0.89163452 -0.31172541  0.        
 0.92950586 -0.30623379  0.        
 0.94835916 -0.30340751  0.        
-0.96224054 -0.25467328  0.        
-0.94283274 -0.25696968  0.        
-0.90389973 -0.26142784  0.        
-0.84519995 -0.26770346  0.        
-0.78618219 -0.27356718  0.        
-0.72686747 -0.27901462  0.        
-0.66727716 -0.28404167  0.        
-0.60743299 -0.28864455  0.        
-0.54735698 -0.29281975  0.        
-0.48707148 -0.29656412  0.        
-0.42659908 -0.29987477  0.        
-0.36596262 -0.30274918  0.        
-0.30518514 -0.30518514  0.        
-0.24428987 -0.30718077  0.        
-0.18330018 -0.30873453  0.        
-0.12223956 -0.30984521  0.        
-0.06113162 -0.31051197  0.        
 -4.06479744e-17  -3.10734278e-01   0.00000000e+00
 0.06113162 -0.31051197  0.        
 0.12223956 -0.30984521  0.        
 0.18330018 -0.30873453  0.        
 0.24428987 -0.30718077  0.        
 0.30518514 -0.30518514  0.        
 0.36596262 -0.30274918  0.        
 0.42659908 -0.29987477  0.        
 0.48707148 -0.29656412  0.        
 0.54735698 -0.29281975  0.        
 0.60743299 -0.28864455  0.        
 0.66727716 -0.28404167  0.        
 0.72686747 -0.27901462  0.        
 0.78618219 -0.27356718  0.        
 0.84519995 -0.26770346  0.        
 0.90389973 -0.26142784  0.        
 0.94283274 -0.25696968  0.        
 0.96224054 -0.25467328  0.        
-0.97374868 -0.20495478  0.        
-0.95387523 -0.20675225  0.        
-0.91405187 -0.21023928  0.        
-0.85412173 -0.21514226  0.        
-0.7939853  -0.21971752  0.        
-0.73365662 -0.22396285  0.        
-0.67314987 -0.22787621  0.        
-0.61247937 -0.2314557   0.        
-0.55165958 -0.23469958  0.        
-0.49070509 -0.23760627  0.        
-0.42963059 -0.24017436  0.        
-0.36845086 -0.24240259  0.        
-0.30718077 -0.24428987  0.        
-0.24583527 -0.24583527  0.        
-0.18442937 -0.24703804  0.        
-0.12297812 -0.24789758  0.        
-0.06149663 -0.24841348  0.        
  2.43885931e-17  -2.48585470e-01   0.00000000e+00
 0.06149663 -0.24841348  0.        
 0.12297812 -0.24789758  0.        
 0.18442937 -0.24703804  0.        
 0.24583527 -0.24583527  0.        
 0.30718077 -0.24428987  0.        
 0.36845086 -0.24240259  0.        
 0.42963059 -0.24017436  0.        
 0.49070509 -0.23760627  0.        
 0.55165958 -0.23469958  0.        
 0.61247937 -0.2314557   0.        
 0.67314987 -0.22787621  0.        
 0.73365662 -0.22396285  0.        
 0.7939853  -0.21971752  0.        
 0.85412173 -0.21514226  0.        
 0.91405187 -0.21023928  0.        
 0.95387523 -0.20675225  0.        
 0.97374868 -0.20495478  0.        
-0.98279489 -0.15443307  0.        
-0.9625516  -0.15575749  0.        
-0.92202191 -0.15832537  0.        
-0.86111752 -0.16193273  0.        
-0.80009711 -0.16529555  0.        
-0.73896874 -0.16841294  0.        
-0.67774055 -0.17128406  0.        
-0.61642068 -0.17390812  0.        
-0.55501734 -0.17628442  0.        
-0.49353876 -0.17841232  0.        
-0.43199323 -0.18029124  0.        
-0.37038904 -0.18192068  0.        
-0.30873453 -0.18330018  0.        
-0.24703804 -0.18442937  0.        
-0.18530795 -0.18530795  0.        
-0.12355265 -0.18593568  0.        
-0.06178053 -0.18631238  0.        
 -8.12948137e-17  -1.86437964e-01   0.00000000e+00
 0.06178053 -0.18631238  0.        
 0.12355265 -0.18593568  0.        
 0.18530795 -0.18530795  0.        
 0.24703804 -0.18442937  0.        
 0.30873453 -0.18330018  0.        
 0.37038904 -0.18192068  0.        
 0.43199323 -0.18029124  0.        
 0.49353876 -0.17841232  0.        
 0.55501734 -0.17628442  0.        
 0.61642068 -0.17390812  0.        
 0.67774055 -0.17128406  0.        
 0.73896874 -0.16841294  0.        
 0.80009711 -0.16529555  0.        
 0.86111752 -0.16193273  0.        
 0.92202191 -0.15832537  0.        
 0.9625516  -0.15575749  0.        
 0.98279489 -0.15443307  0.        
-0.9893083  -0.10329954  0.        
-0.96879667 -0.10417101  0.        
-0.9277549  -0.10585999  0.        
-0.86614517 -0.10823114  0.        
-0.80448577 -0.11043994  0.        
-0.74278022 -0.11248615  0.        
-0.68103202 -0.11436953  0.        
-0.61924471 -0.11608986  0.        
-0.5574218  -0.11764695  0.        
-0.49556686 -0.11904061  0.        
-0.43368341 -0.1202707   0.        
-0.37177501 -0.12133705  0.        
-0.30984521 -0.12223956  0.        
-0.24789758 -0.12297812  0.        
-0.18593568 -0.12355265  0.        
-0.12396307 -0.12396307  0.        
-0.06198332 -0.12420934  0.        
 0.         -0.12429143  0.        
 0.06198332 -0.12420934  0.        
 0.12396307 -0.12396307  0.        
 0.18593568 -0.12355265  0.        
 0.24789758 -0.12297812  0.        
 0.30984521 -0.12223956  0.        
 0.37177501 -0.12133705  0.        
 0.43368341 -0.1202707   0.        
 0.49556686 -0.11904061  0.        
 0.5574218  -0.11764695  0.        
 0.61924471 -0.11608986  0.        
 0.68103202 -0.11436953  0.        
 0.74278022 -0.11248615  0.        
 0.80448577 -0.11043994  0.        
 0.86614517 -0.10823114  0.        
 0.9277549  -0.10585999  0.        
 0.96879667 -0.10417101  0.        
 0.9893083  -0.10329954  0.        
-0.99323729 -0.05175357  0.        
-0.97256295 -0.05218582  0.        
-0.93121087 -0.05302335  0.        
-0.86917412 -0.0541987   0.        
-0.80712827 -0.0552931   0.        
-0.74507398 -0.05630652  0.        
-0.6830119  -0.05723895  0.        
-0.62094266 -0.05809036  0.        
-0.55886692 -0.05886074  0.        
-0.49678534 -0.05955007  0.        
-0.43469855 -0.06015833  0.        
-0.37260721 -0.06068552  0.        
-0.31051197 -0.06113162  0.        
-0.24841348 -0.06149663  0.        
-0.18631238 -0.06178053  0.        
-0.12420934 -0.06198332  0.        
-0.062105 -0.062105  0.      
 -3.25176984e-17  -6.21455540e-02   0.00000000e+00
 0.062105 -0.062105  0.      
 0.12420934 -0.06198332  0.        
 0.18631238 -0.06178053  0.        
 0.24841348 -0.06149663  0.        
 0.31051197 -0.06113162  0.        
 0.37260721 -0.06068552  0.        
 0.43469855 -0.06015833  0.        
 0.49678534 -0.05955007  0.        
 0.55886692 -0.05886074  0.        
 0.62094266 -0.05809036  0.        
 0.6830119  -0.05723895  0.        
 0.74507398 -0.05630652  0.        
 0.80712827 -0.0552931   0.        
 0.86917412 -0.0541987   0.        
 0.93121087 -0.05302335  0.        
 0.97256295 -0.05218582  0.        
 0.99323729 -0.05175357  0.        
 -9.94550471e-01  -2.43937093e-17   0.00000000e+00
 -9.73821602e-01  -2.26147907e-17   0.00000000e+00
 -9.32365566e-01  -1.91682304e-17   0.00000000e+00
 -8.70185836e-01  -1.43321376e-17   0.00000000e+00
 -8.08010663e-01  -9.82978846e-18   0.00000000e+00
 -7.45839722e-01  -5.66113590e-18   0.00000000e+00
 -6.83672688e-01  -1.82613621e-18   0.00000000e+00
 -6.21509235e-01   1.67525078e-18   0.00000000e+00
 -5.59349036e-01   4.84306176e-18   0.00000000e+00
 -4.97191767e-01   7.67732990e-18   0.00000000e+00
 -4.35037101e-01   1.01780849e-17   0.00000000e+00
 -3.72884713e-01   1.23453529e-17   0.00000000e+00
 -3.10734278e-01   1.41791567e-17   0.00000000e+00
 -2.48585470e-01   1.56795154e-17   0.00000000e+00
 -1.86437964e-01   1.68464448e-17   0.00000000e+00
 -1.24291433e-01   1.76799570e-17   0.00000000e+00
 -6.21455540e-02   1.81800609e-17   0.00000000e+00
  1.62588350e-17   1.83467616e-17   0.00000000e+00
  6.21455540e-02   1.81800609e-17   0.00000000e+00
  1.24291433e-01   1.76799570e-17   0.00000000e+00
  1.86437964e-01   1.68464448e-17   0.00000000e+00
  2.48585470e-01   1.56795154e-17   0.00000000e+00
  3.10734278e-01   1.41791567e-17   0.00000000e+00
  3.72884713e-01   1.23453529e-17   0.00000000e+00
  4.35037101e-01   1.01780849e-17   0.00000000e+00
  4.97191767e-01   7.67732990e-18   0.00000000e+00
  5.59349036e-01   4.84306176e-18   0.00000000e+00
  6.21509235e-01   1.67525078e-18   0.00000000e+00
  6.83672688e-01  -1.82613621e-18   0.00000000e+00
  7.45839722e-01  -5.66113590e-18   0.00000000e+00
  8.08010663e-01  -9.82978846e-18   0.00000000e+00
  8.70185836e-01  -1.43321376e-17   0.00000000e+00
  9.32365566e-01  -1.91682304e-17   0.00000000e+00
  9.73821602e-01  -2.26147907e-17   0.00000000e+00
  9.94550471e-01  -2.43937093e-17   0.00000000e+00
-0.99323729  0.05175357  0.        
-0.97256295  0.05218582  0.        
-0.93121087  0.05302335  0.        
-0.86917412  0.0541987   0.        
-0.80712827  0.0552931   0.        
-0.74507398  0.05630652  0.        
-0.6830119   0.05723895  0.        
-0.62094266  0.05809036  0.        
-0.55886692  0.05886074  0.        
-0.49678534  0.05955007  0.        
-0.43469855  0.06015833  0.        
-0.37260721  0.06068552  0.        
-0.31051197  0.06113162  0.        
-0.24841348  0.06149663  0.        
-0.18631238  0.06178053  0.        
-0.12420934  0.06198332  0.        
-0.062105  0.062105  0.      
 -2.43882738e-17   6.21455540e-02   0.00000000e+00
 0.062105  0.062105  0.      
 0.12420934  0.06198332  0.        
 0.18631238  0.06178053  0.        
 0.24841348  0.06149663  0.        
 0.31051197  0.06113162  0.        
 0.37260721  0.06068552  0.        
 0.43469855  0.06015833  0.        
 0.49678534  0.05955007  0.        
 0.55886692  0.05886074  0.        
 0.62094266  0.05809036  0.        
 0.6830119   0.05723895  0.        
 0.74507398  0.05630652  0.        
 0.80712827  0.0552931   0.        
 0.86917412  0.0541987   0.        
 0.93121087  0.05302335  0.        
 0.97256295  0.05218582  0.        
 0.99323729  0.05175357  0.        
-0.9893083   0.10329954  0.        
-0.96879667  0.10417101  0.        
-0.9277549   0.10585999  0.        
-0.86614517  0.10823114  0.        
-0.80448577  0.11043994  0.        
-0.74278022  0.11248615  0.        
-0.68103202  0.11436953  0.        
-0.61924471  0.11608986  0.        
-0.5574218   0.11764695  0.        
-0.49556686  0.11904061  0.        
-0.43368341  0.1202707   0.        
-0.37177501  0.12133705  0.        
-0.30984521  0.12223956  0.        
-0.24789758  0.12297812  0.        
-0.18593568  0.12355265  0.        
-0.12396307  0.12396307  0.        
-0.06198332  0.12420934  0.        
 -3.25177836e-17   1.24291433e-01   0.00000000e+00
 0.06198332  0.12420934  0.        
 0.12396307  0.12396307  0.        
 0.18593568  0.12355265  0.        
 0.24789758  0.12297812  0.        
 0.30984521  0.12223956  0.        
 0.37177501  0.12133705  0.        
 0.43368341  0.1202707   0.        
 0.49556686  0.11904061  0.        
 0.5574218   0.11764695  0.        
 0.61924471  0.11608986  0.        
 0.68103202  0.11436953  0.        
 0.74278022  0.11248615  0.        
 0.80448577  0.11043994  0.        
 0.86614517  0.10823114  0.        
 0.9277549   0.10585999  0.        
 0.96879667  0.10417101  0.        
 0.9893083   0.10329954  0.        
-0.98279489  0.15443307  0.        
-0.9625516   0.15575749  0.        
-0.92202191  0.15832537  0.        
-0.86111752  0.16193273  0.        
-0.80009711  0.16529555  0.        
-0.73896874  0.16841294  0.        
-0.67774055  0.17128406  0.        
-0.61642068  0.17390812  0.        
-0.55501734  0.17628442  0.        
-0.49353876  0.17841232  0.        
-0.43199323  0.18029124  0.        
-0.37038904  0.18192068  0.        
-0.30873453  0.18330018  0.        
-0.24703804  0.18442937  0.        
-0.18530795  0.18530795  0.        
-0.12355265  0.18593568  0.        
-0.06178053  0.18631238  0.        
 -9.75537764e-17   1.86437964e-01   0.00000000e+00
 0.06178053  0.18631238  0.        
 0.12355265  0.18593568  0.        
 0.18530795  0.18530795  0.        
 0.24703804  0.18442937  0.        
 0.30873453  0.18330018  0.        
 0.37038904  0.18192068  0.        
 0.43199323  0.18029124  0.        
 0.49353876  0.17841232  0.        
 0.55501734  0.17628442  0.        
 0.61642068  0.17390812  0.        
 0.67774055  0.17128406  0.        
 0.73896874  0.16841294  0.        
 0.80009711  0.16529555  0.        
 0.86111752  0.16193273  0.        
 0.92202191  0.15832537  0.        
 0.9625516   0.15575749  0.        
 0.98279489  0.15443307  0.        
-0.97374868  0.20495478  0.        
-0.95387523  0.20675225  0.        
-0.91405187  0.21023928  0.        
-0.85412173  0.21514226  0.        
-0.7939853   0.21971752  0.        
-0.73365662  0.22396285  0.        
-0.67314987  0.22787621  0.        
-0.61247937  0.2314557   0.        
-0.55165958  0.23469958  0.        
-0.49070509  0.23760627  0.        
-0.42963059  0.24017436  0.        
-0.36845086  0.24240259  0.        
-0.30718077  0.24428987  0.        
-0.24583527  0.24583527  0.        
-0.18442937  0.24703804  0.        
-0.12297812  0.24789758  0.        
-0.06149663  0.24841348  0.        
  2.43885931e-17   2.48585470e-01   0.00000000e+00
 0.06149663  0.24841348  0.        
 0.12297812  0.24789758  0.        
 0.18442937  0.24703804  0.        
 0.24583527  0.24583527  0.        
 0.30718077  0.24428987  0.        
 0.36845086  0.24240259  0.        
 0.42963059  0.24017436  0.        
 0.49070509  0.23760627  0.        
 0.55165958  0.23469958  0.        
 0.61247937  0.2314557   0.        
 0.67314987  0.22787621  0.        
 0.73365662  0.22396285  0.        
 0.7939853   0.21971752  0.        
 0.85412173  0.21514226  0.        
 0.91405187  0.21023928  0.        
 0.95387523  0.20675225  0.        
 0.97374868  0.20495478  0.        
-0.96224054  0.25467328  0.        
-0.94283274  0.25696968  0.        
-0.90389973  0.26142784  0.        
-0.84519995  0.26770346  0.        
-0.78618219  0.27356718  0.        
-0.72686747  0.27901462  0.        
-0.66727716  0.28404167  0.        
-0.60743299  0.28864455  0.        
-0.54735698  0.29281975  0.        
-0.48707148  0.29656412  0.        
-0.42659908  0.29987477  0.        
-0.36596262  0.30274918  0.        
-0.30518514  0.30518514  0.        
-0.24428987  0.30718077  0.        
-0.18330018  0.30873453  0.        
-0.12223956  0.30984521  0.        
-0.06113162  0.31051197  0.        
 -5.69071641e-17   3.10734278e-01   0.00000000e+00
 0.06113162  0.31051197  0.        
 0.12223956  0.30984521  0.        
 0.18330018  0.30873453  0.        
 0.24428987  0.30718077  0.        
 0.30518514  0.30518514  0.        
 0.36596262  0.30274918  0.        
 0.42659908  0.29987477  0.        
 0.48707148  0.29656412  0.        
 0.54735698  0.29281975  0.        
 0.60743299  0.28864455  0.        
 0.66727716  0.28404167  0.        
 0.72686747  0.27901462  0.        
 0.78618219  0.27356718  0.        
 0.84519995  0.26770346  0.        
 0.90389973  0.26142784  0.        
 0.94283274  0.25696968  0.        
 0.96224054  0.25467328  0.        
-0.94835916  0.30340751  0.        
-0.92950586  0.30623379  0.        
-0.89163452  0.31172541  0.        
-0.83440526  0.31946649  0.        
-0.77672798  0.3267108   0.        
-0.71863122  0.33345063  0.        
-0.66014426  0.33967876  0.        
-0.60129708  0.34538846  0.        
-0.54212029  0.35057353  0.        
-0.48264512  0.35522831  0.        
-0.42290331  0.35934768  0.        
-0.3629271  0.3629271  0.       
-0.30274918  0.36596262  0.        
-0.24240259  0.36845086  0.        
-0.18192068  0.37038904  0.        
-0.12133705  0.37177501  0.        
-0.06068552  0.37260721  0.        
 -8.12967292e-18   3.72884713e-01   0.00000000e+00
 0.06068552  0.37260721  0.        
 0.12133705  0.37177501  0.        
 0.18192068  0.37038904  0.        
 0.24240259  0.36845086  0.        
 0.30274918  0.36596262  0.        
 0.3629271  0.3629271  0.       
 0.42290331  0.35934768  0.        
 0.48264512  0.35522831  0.        
 0.54212029  0.35057353  0.        
 0.60129708  0.34538846  0.        
 0.66014426  0.33967876  0.        
 0.71863122  0.33345063  0.        
 0.77672798  0.3267108   0.        
 0.83440526  0.31946649  0.        
 0.89163452  0.31172541  0.        
 0.92950586  0.30623379  0.        
 0.94835916  0.30340751  0.        
-0.93220945  0.35098877  0.        
-0.91399132  0.35438007  0.        
-0.87733819  0.36097623  0.        
-0.82180092  0.37028928  0.        
-0.76567073  0.37902061  0.        
-0.70898375  0.38715777  0.        
-0.65177741  0.39468906  0.        
-0.59409039  0.40160351  0.        
-0.53596253  0.407891    0.        
-0.47743472  0.41354225  0.        
-0.41854885  0.41854885  0.        
-0.35934768  0.42290331  0.        
-0.29987477  0.42659908  0.        
-0.24017436  0.42963059  0.        
-0.18029124  0.43199323  0.        
-0.1202707   0.43368341  0.        
-0.06015833  0.43469855  0.        
 -2.43892955e-17   4.35037101e-01   0.00000000e+00
 0.06015833  0.43469855  0.        
 0.1202707   0.43368341  0.        
 0.18029124  0.43199323  0.        
 0.24017436  0.42963059  0.        
 0.29987477  0.42659908  0.        
 0.35934768  0.42290331  0.        
 0.41854885  0.41854885  0.        
 0.47743472  0.41354225  0.        
 0.53596253  0.407891    0.        
 0.59409039  0.40160351  0.        
 0.65177741  0.39468906  0.        
 0.70898375  0.38715777  0.        
 0.76567073  0.37902061  0.        
 0.82180092  0.37028928  0.        
 0.87733819  0.36097623  0.        
 0.91399132  0.35438007  0.        
 0.93220945  0.35098877  0.        
-0.91391053  0.39726245  0.        
-0.89639923  0.40125717  0.        
-0.86110429  0.40903591  0.        
-0.80745947  0.42003875  0.        
-0.7530658   0.43037577  0.        
-0.69796654  0.44002811  0.        
-0.64220706  0.44897791  0.        
-0.58583475  0.45720841  0.        
-0.52889887  0.46470404  0.        
-0.47145048  0.47145048  0.        
-0.41354225  0.47743472  0.        
-0.35522831  0.48264512  0.        
-0.29656412  0.48707148  0.        
-0.23760627  0.49070509  0.        
-0.17841232  0.49353876  0.        
-0.11904061  0.49556686  0.        
-0.05955007  0.49678534  0.        
 0.          0.49719177  0.        
 0.05955007  0.49678534  0.        
 0.11904061  0.49556686  0.        
 0.17841232  0.49353876  0.        
 0.23760627  0.49070509  0.        
 0.29656412  0.48707148  0.        
 0.35522831  0.48264512  0.        
 0.41354225  0.47743472  0.        
 0.47145048  0.47145048  0.        
 0.52889887  0.46470404  0.        
 0.58583475  0.45720841  0.        
 0.64220706  0.44897791  0.        
 0.69796654  0.44002811  0.        
 0.7530658   0.43037577  0.        
 0.80745947  0.42003875  0.        
 0.86110429  0.40903591  0.        
 0.89639923  0.40125717  0.        
 0.91391053  0.39726245  0.        
-0.89359373  0.44208943  0.        
-0.87685111  0.44672821  0.        
-0.84303648  0.45577263  0.        
-0.79146168  0.46859183  0.        
-0.73897513  0.48066323  0.        
-0.68562623  0.49195959  0.        
-0.63146759  0.50245497  0.        
-0.57655486  0.51212492  0.        
-0.52094659  0.52094659  0.        
-0.46470404  0.52889887  0.        
-0.407891    0.53596253  0.        
-0.35057353  0.54212029  0.        
-0.29281975  0.54735698  0.        
-0.23469958  0.55165958  0.        
-0.17628442  0.55501734  0.        
-0.11764695  0.5574218   0.        
-0.05886074  0.55886692  0.        
 -3.25199688e-17   5.59349036e-01   0.00000000e+00
 0.05886074  0.55886692  0.        
 0.11764695  0.5574218   0.        
 0.17628442  0.55501734  0.        
 0.23469958  0.55165958  0.        
 0.29281975  0.54735698  0.        
 0.35057353  0.54212029  0.        
 0.407891    0.53596253  0.        
 0.46470404  0.52889887  0.        
 0.52094659  0.52094659  0.        
 0.57655486  0.51212492  0.        
 0.63146759  0.50245497  0.        
 0.68562623  0.49195959  0.        
 0.73897513  0.48066323  0.        
 0.79146168  0.46859183  0.        
 0.84303648  0.45577263  0.        
 0.87685111  0.44672821  0.        
 0.89359373  0.44208943  0.        
-0.87140027  0.4853471   0.        
-0.855478   0.4906718  0.       
-0.82324694  0.50106807  0.        
-0.77389551  0.51583626  0.        
-0.72346652  0.5297784   0.        
-0.67201412  0.54285661  0.        
-0.61959699  0.55503466  0.        
-0.56627817  0.56627817  0.        
-0.51212492  0.57655486  0.        
-0.45720841  0.58583475  0.        
-0.40160351  0.59409039  0.        
-0.34538846  0.60129708  0.        
-0.28864455  0.60743299  0.        
-0.2314557   0.61247937  0.        
-0.17390812  0.61642068  0.        
-0.11608986  0.61924471  0.        
-0.05809036  0.62094266  0.        
 -7.31711430e-17   6.21509235e-01   0.00000000e+00
 0.05809036  0.62094266  0.        
 0.11608986  0.61924471  0.        
 0.17390812  0.61642068  0.        
 0.2314557   0.61247937  0.        
 0.28864455  0.60743299  0.        
 0.34538846  0.60129708  0.        
 0.40160351  0.59409039  0.        
 0.45720841  0.58583475  0.        
 0.51212492  0.57655486  0.        
 0.56627817  0.56627817  0.        
 0.61959699  0.55503466  0.        
 0.67201412  0.54285661  0.        
 0.72346652  0.5297784   0.        
 0.77389551  0.51583626  0.        
 0.82324694  0.50106807  0.        
 0.855478   0.4906718  0.       
 0.87140027  0.4853471   0.        
-0.84747906  0.52692998  0.        
-0.83241833  0.53298266  0.        
-0.8018548   0.54481809  0.        
-0.75485493  0.56167129  0.        
-0.70661287  0.57762574  0.        
-0.65718568  0.59263052  0.        
-0.60663655  0.60663655  0.        
-0.55503466  0.61959699  0.        
-0.50245497  0.63146759  0.        
-0.44897791  0.64220706  0.        
-0.39468906  0.65177741  0.        
-0.33967876  0.66014426  0.        
-0.28404167  0.66727716  0.        
-0.22787621  0.67314987  0.        
-0.17128406  0.67774055  0.        
-0.11436953  0.68103202  0.        
-0.05723895  0.6830119   0.        
 -8.13027601e-17   6.83672688e-01   0.00000000e+00
 0.05723895  0.6830119   0.        
 0.11436953  0.68103202  0.        
 0.17128406  0.67774055  0.        
 0.22787621  0.67314987  0.        
 0.28404167  0.66727716  0.        
 0.33967876  0.66014426  0.        
 0.39468906  0.65177741  0.        
 0.44897791  0.64220706  0.        
 0.50245497  0.63146759  0.        
 0.55503466  0.61959699  0.        
 0.60663655  0.60663655  0.        
 0.65718568  0.59263052  0.        
 0.70661287  0.57762574  0.        
 0.75485493  0.56167129  0.        
 0.8018548   0.54481809  0.        
 0.83241833  0.53298266  0.        
 0.84747906  0.52692998  0.        
-0.82198437  0.56675005  0.        
-0.80781595  0.573572    0.        
-0.77898441  0.58693314  0.        
-0.73443877  0.60600807  0.        
-0.68849135  0.62411923  0.        
-0.64119999  0.64119999  0.        
-0.59263052  0.65718568  0.        
-0.54285661  0.67201412  0.        
-0.49195959  0.68562623  0.        
-0.44002811  0.69796654  0.        
-0.38715777  0.70898375  0.        
-0.33345063  0.71863122  0.        
-0.27901462  0.72686747  0.        
-0.22396285  0.73365662  0.        
-0.16841294  0.73896874  0.        
-0.11248615  0.74278022  0.        
-0.05630652  0.74507398  0.        
 -1.13826149e-16   7.45839722e-01   0.00000000e+00
 0.05630652  0.74507398  0.        
 0.11248615  0.74278022  0.        
 0.16841294  0.73896874  0.        
 0.22396285  0.73365662  0.        
 0.27901462  0.72686747  0.        
 0.33345063  0.71863122  0.        
 0.38715777  0.70898375  0.        
 0.44002811  0.69796654  0.        
 0.49195959  0.68562623  0.        
 0.54285661  0.67201412  0.        
 0.59263052  0.65718568  0.        
 0.64119999  0.64119999  0.        
 0.68849135  0.62411923  0.        
 0.73443877  0.60600807  0.        
 0.77898441  0.58693314  0.        
 0.80781595  0.573572    0.        
 0.82198437  0.56675005  0.        
-0.79507369  0.60473669  0.        
-0.78181808  0.61236752  0.        
-0.75476378  0.62733836  0.        
-0.71274955  0.64876989  0.        
-0.6691826  0.6691826  0.       
-0.62411923  0.68849135  0.        
-0.57762574  0.70661287  0.        
-0.5297784   0.72346652  0.        
-0.48066323  0.73897513  0.        
-0.43037577  0.7530658   0.        
-0.37902061  0.76567073  0.        
-0.3267108   0.77672798  0.        
-0.27356718  0.78618219  0.        
-0.21971752  0.7939853   0.        
-0.16529555  0.80009711  0.        
-0.11043994  0.80448577  0.        
-0.0552931   0.80712827  0.        
 -9.75673995e-17   8.08010663e-01   0.00000000e+00
 0.0552931   0.80712827  0.        
 0.11043994  0.80448577  0.        
 0.16529555  0.80009711  0.        
 0.21971752  0.7939853   0.        
 0.27356718  0.78618219  0.        
 0.3267108   0.77672798  0.        
 0.37902061  0.76567073  0.        
 0.43037577  0.7530658   0.        
 0.48066323  0.73897513  0.        
 0.5297784   0.72346652  0.        
 0.57762574  0.70661287  0.        
 0.62411923  0.68849135  0.        
 0.6691826  0.6691826  0.       
 0.71274955  0.64876989  0.        
 0.75476378  0.62733836  0.        
 0.78181808  0.61236752  0.        
 0.79507369  0.60473669  0.        
-0.76690562  0.64083633  0.        
-0.75457344  0.64931319  0.        
-0.72932298  0.66597351  0.        
-0.68989231  0.68989231  0.        
-0.64876989  0.71274955  0.        
-0.60600807  0.73443877  0.        
-0.56167129  0.75485493  0.        
-0.51583626  0.77389551  0.        
-0.46859183  0.79146168  0.        
-0.42003875  0.80745947  0.        
-0.37028928  0.82180092  0.        
-0.31946649  0.83440526  0.        
-0.26770346  0.84519995  0.        
-0.21514226  0.85412173  0.        
-0.16193273  0.86111752  0.        
-0.10823114  0.86614517  0.        
-0.0541987   0.86917412  0.        
 -4.06540411e-17   8.70185836e-01   0.00000000e+00
 0.0541987   0.86917412  0.        
 0.10823114  0.86614517  0.        
 0.16193273  0.86111752  0.        
 0.21514226  0.85412173  0.        
 0.26770346  0.84519995  0.        
 0.31946649  0.83440526  0.        
 0.37028928  0.82180092  0.        
 0.42003875  0.80745947  0.        
 0.46859183  0.79146168  0.        
 0.51583626  0.77389551  0.        
 0.56167129  0.75485493  0.        
 0.60600807  0.73443877  0.        
 0.64876989  0.71274955  0.        
 0.68989231  0.68989231  0.        
 0.72932298  0.66597351  0.        
 0.75457344  0.64931319  0.        
 0.76690562  0.64083633  0.        
-0.73763792  0.67501183  0.        
-0.72623048  0.68436867  0.        
-0.70279266  0.70279266  0.        
-0.66597351  0.72932298  0.        
-0.62733836  0.75476378  0.        
-0.58693314  0.77898441  0.        
-0.54481809  0.8018548   0.        
-0.50106807  0.82324694  0.        
-0.45577263  0.84303648  0.        
-0.40903591  0.86110429  0.        
-0.36097623  0.87733819  0.        
-0.31172541  0.89163452  0.        
-0.26142784  0.90389973  0.        
-0.21023928  0.91405187  0.        
-0.15832537  0.92202191  0.        
-0.10585999  0.9277549   0.        
-0.05302335  0.93121087  0.        
  4.87860842e-17   9.32365566e-01   0.00000000e+00
 0.05302335  0.93121087  0.        
 0.10585999  0.9277549   0.        
 0.15832537  0.92202191  0.        
 0.21023928  0.91405187  0.        
 0.26142784  0.90389973  0.        
 0.31172541  0.89163452  0.        
 0.36097623  0.87733819  0.        
 0.40903591  0.86110429  0.        
 0.45577263  0.84303648  0.        
 0.50106807  0.82324694  0.        
 0.54481809  0.8018548   0.        
 0.58693314  0.77898441  0.        
 0.62733836  0.75476378  0.        
 0.66597351  0.72932298  0.        
 0.70279266  0.70279266  0.        
 0.72623048  0.68436867  0.        
 0.73763792  0.67501183  0.        
-0.71737673  0.69662616  0.        
-0.70658866  0.70658866  0.        
-0.68436867  0.72623048  0.        
-0.64931319  0.75457344  0.        
-0.61236752  0.78181808  0.        
-0.573572    0.80781595  0.        
-0.53298266  0.83241833  0.        
-0.4906718  0.855478   0.       
-0.44672821  0.87685111  0.        
-0.40125717  0.89639923  0.        
-0.35438007  0.91399132  0.        
-0.30623379  0.92950586  0.        
-0.25696968  0.94283274  0.        
-0.20675225  0.95387523  0.        
-0.15575749  0.9625516   0.        
-0.10417101  0.96879667  0.        
-0.05218582  0.97256295  0.        
 -4.06558036e-17   9.73821602e-01   0.00000000e+00
 0.05218582  0.97256295  0.        
 0.10417101  0.96879667  0.        
 0.15575749  0.9625516   0.        
 0.20675225  0.95387523  0.        
 0.25696968  0.94283274  0.        
 0.30623379  0.92950586  0.        
 0.35438007  0.91399132  0.        
 0.40125717  0.89639923  0.        
 0.44672821  0.87685111  0.        
 0.4906718  0.855478   0.       
 0.53298266  0.83241833  0.        
 0.573572    0.80781595  0.        
 0.61236752  0.78181808  0.        
 0.64931319  0.75457344  0.        
 0.68436867  0.72623048  0.        
 0.70658866  0.70658866  0.        
 0.71737673  0.69662616  0.        
-0.70710678  0.70710678  0.        
-0.69662616  0.71737673  0.        
-0.67501183  0.73763792  0.        
-0.64083633  0.76690562  0.        
-0.60473669  0.79507369  0.        
-0.56675005  0.82198437  0.        
-0.52692998  0.84747906  0.        
-0.4853471   0.87140027  0.        
-0.44208943  0.89359373  0.        
-0.39726245  0.91391053  0.        
-0.35098877  0.93220945  0.        
-0.30340751  0.94835916  0.        
-0.25467328  0.96224054  0.        
-0.20495478  0.97374868  0.        
-0.15443307  0.98279489  0.        
-0.10329954  0.9893083   0.        
-0.05175357  0.99323729  0.        
 -2.43937093e-17   9.94550471e-01   0.00000000e+00
 0.05175357  0.99323729  0.        
 0.10329954  0.9893083   0.        
 0.15443307  0.98279489  0.        
 0.20495478  0.97374868  0.        
 0.25467328  0.96224054  0.        
 0.30340751  0.94835916  0.        
 0.35098877  0.93220945  0.        
 0.39726245  0.91391053  0.        
 0.44208943  0.89359373  0.        
 0.4853471   0.87140027  0.        
 0.52692998  0.84747906  0.        
 0.56675005  0.82198437  0.        
 0.60473669  0.79507369  0.        
 0.64083633  0.76690562  0.        
 0.67501183  0.73763792  0.        
 0.69662616  0.71737673  0.        
 0.70710678  0.70710678  0.        
# weights
1.0
0.993898057941
0.982075545203
0.965485890231
0.950040349395
0.935738922695
0.922581610131
0.910568411704
0.899699327412
0.889974357256
0.881393501236
0.873956759352
0.867664131604
0.862515617992
0.858511218516
0.855650933176
0.853934761972
0.853362704904
0.853934761972
0.855650933176
0.858511218516
0.862515617992
0.867664131604
0.873956759352
0.881393501236
0.889974357256
0.899699327412
0.910568411704
0.922581610131
0.935738922695
0.950040349395
0.965485890231
0.982075545203
0.993898057941
1.0
0.993898057941
0.988050363469
0.976720455427
0.960822036079
0.946020059445
0.932314525524
0.919705434317
0.908192785824
0.897776580044
0.888456816978
0.880233496626
0.873106618987
0.867076184062
0.86214219185
0.858304642353
0.855563535569
0.853918871498
0.853370650141
0.853918871498
0.855563535569
0.858304642353
0.86214219185
0.867076184062
0.873106618987
0.880233496626
0.888456816978
0.897776580044
0.908192785824
0.919705434317
0.932314525524
0.946020059445
0.960822036079
0.976720455427
0.988050363469
0.993898057941
0.982075545203
0.976720455427
0.966344968988
0.951785818661
0.938230747667
0.925679756006
0.914132843678
0.903590010682
0.89405125702
0.88551658269
0.877985987694
0.87145947203
0.865937035699
0.861418678701
0.857904401036
0.855394202704
0.853888083704
0.853386044038
0.853888083704
0.855394202704
0.857904401036
0.861418678701
0.865937035699
0.87145947203
0.877985987694
0.88551658269
0.89405125702
0.903590010682
0.914132843678
0.925679756006
0.938230747667
0.951785818661
0.966344968988
0.976720455427
0.982075545203
0.965485890231
0.960822036079
0.951785818661
0.939105965186
0.927300584365
0.916369676197
0.906313240683
0.897131277822
0.888823787615
0.881390770061
0.87483222516
0.869148152913
0.864338553319
0.860403426379
0.857342772092
0.855156590458
0.853844881478
0.853407645151
0.853844881478
0.855156590458
0.857342772092
0.860403426379
0.864338553319
0.869148152913
0.87483222516
0.881390770061
0.888823787615
0.897131277822
0.906313240683
0.916369676197
0.927300584365
0.939105965186
0.951785818661
0.960822036079
0.965485890231
0.950040349395
0.946020059445
0.938230747667
0.927300584365
0.917124225429
0.907701670859
0.899032920654
0.891117974814
0.883956833341
0.877549496233
0.871895963491
0.866996235114
0.862850311103
0.859458191458
0.856819876178
0.854935365264
0.853804658715
0.853427756533
0.853804658715
0.854935365264
0.856819876178
0.859458191458
0.862850311103
0.866996235114
0.871895963491
0.877549496233
0.883956833341
0.891117974814
0.899032920654
0.907701670859
0.917124225429
0.927300584365
0.938230747667
0.946020059445
0.950040349395
0.935738922695
0.932314525524
0.925679756006
0.916369676197
0.907701670859
0.899675739989
0.892291883589
0.885550101659
0.879450394199
0.873992761207
0.869177202686
0.865003718634
0.861472309051
0.858582973938
0.856335713295
0.854730527121
0.853767415417
0.853446378182
0.853767415417
0.854730527121
0.856335713295
0.858582973938
0.861472309051
0.865003718634
0.869177202686
0.873992761207
0.879450394199
0.885550101659
0.892291883589
0.899675739989
0.907701670859
0.916369676197
0.925679756006
0.932314525524
0.935738922695
0.922581610131
0.919705434317
0.914132843678
0.906313240683
0.899032920654
0.892291883589
0.88609012949
0.880427658356
0.875304470187
0.870720564984
0.866675942745
0.863170603472
0.860204547164
0.85777777382
0.855890283442
0.85454207603
0.853733151582
0.853463510099
0.853733151582
0.85454207603
0.855890283442
0.85777777382
0.860204547164
0.863170603472
0.866675942745
0.870720564984
0.875304470187
0.880427658356
0.88609012949
0.892291883589
0.899032920654
0.906313240683
0.914132843678
0.919705434317
0.922581610131
0.910568411704
0.908192785824
0.903590010682
0.897131277822
0.891117974814
0.885550101659
0.880427658356
0.875750644906
0.871519061308
0.867732907562
0.864392183669
0.861496889628
0.85904702544
0.857042591104
0.855483586621
0.85437001199
0.853701867211
0.853479152285
0.853701867211
0.85437001199
0.855483586621
0.857042591104
0.85904702544
0.861496889628
0.864392183669
0.867732907562
0.871519061308
0.875750644906
0.880427658356
0.885550101659
0.891117974814
0.897131277822
0.903590010682
0.908192785824
0.910568411704
0.899699327412
0.897776580044
0.89405125702
0.888823787615
0.883956833341
0.879450394199
0.875304470187
0.871519061308
0.86809416756
0.865029788943
0.862325925457
0.859982577103
0.857999743881
0.856377425789
0.85511562283
0.854214335001
0.853673562304
0.853493304738
0.853673562304
0.854214335001
0.85511562283
0.856377425789
0.857999743881
0.859982577103
0.862325925457
0.865029788943
0.86809416756
0.871519061308
0.875304470187
0.879450394199
0.883956833341
0.888823787615
0.89405125702
0.897776580044
0.899699327412
0.889974357256
0.888456816978
0.88551658269
0.881390770061
0.877549496233
0.873992761207
0.870720564984
0.867732907562
0.865029788943
0.862611209125
0.86047716811
0.858627665897
0.857062702485
0.855782277876
0.854786392069
0.854075045064
0.853648236861
0.85350596746
0.853648236861
0.854075045064
0.854786392069
0.855782277876
0.857062702485
0.858627665897
0.86047716811
0.862611209125
0.865029788943
0.867732907562
0.870720564984
0.873992761207
0.877549496233
0.881390770061
0.88551658269
0.888456816978
0.889974357256
0.881393501236
0.880233496626
0.877985987694
0.87483222516
0.871895963491
0.869177202686
0.866675942745
0.864392183669
0.862325925457
0.86047716811
0.858845911627
0.857432156009
0.856235901254
0.855257147365
0.854495894339
0.853952142178
0.853625890882
0.853517140449
0.853625890882
0.853952142178
0.854495894339
0.855257147365
0.856235901254
0.857432156009
0.858845911627
0.86047716811
0.862325925457
0.864392183669
0.866675942745
0.869177202686
0.871895963491
0.87483222516
0.877985987694
0.880233496626
0.881393501236
0.873956759352
0.873106618987
0.87145947203
0.869148152913
0.866996235114
0.865003718634
0.863170603472
0.861496889628
0.859982577103
0.858627665897
0.857432156009
0.856396047439
0.855519340187
0.854802034254
0.85424412964
0.853845626344
0.853606524366
0.853526823707
0.853606524366
0.853845626344
0.85424412964
0.854802034254
0.855519340187
0.856396047439
0.857432156009
0.858627665897
0.859982577103
0.861496889628
0.863170603472
0.865003718634
0.866996235114
0.869148152913
0.87145947203
0.873106618987
0.873956759352
0.867664131604
0.867076184062
0.865937035699
0.864338553319
0.862850311103
0.861472309051
0.860204547164
0.85904702544
0.857999743881
0.857062702485
0.856235901254
0.855519340187
0.854913019285
0.854416938546
0.854031097971
0.853755497561
0.853590137315
0.853535017233
0.853590137315
0.853755497561
0.854031097971
0.854416938546
0.854913019285
0.855519340187
0.856235901254
0.857062702485
0.857999743881
0.85904702544
0.860204547164
0.861472309051
0.862850311103
0.864338553319
0.865937035699
0.867076184062
0.867664131604
0.862515617992
0.86214219185
0.861418678701
0.860403426379
0.859458191458
0.858582973938
0.85777777382
0.857042591104
0.856377425789
0.855782277876
0.855257147365
0.854802034254
0.854416938546
0.854101860239
0.853856799334
0.85368175583
0.853576729727
0.853541721027
0.853576729727
0.85368175583
0.853856799334
0.854101860239
0.854416938546
0.854802034254
0.855257147365
0.855782277876
0.856377425789
0.857042591104
0.85777777382
0.858582973938
0.859458191458
0.860403426379
0.861418678701
0.86214219185
0.862515617992
0.858511218516
0.858304642353
0.857904401036
0.857342772092
0.856819876178
0.856335713295
0.855890283442
0.855483586621
0.85511562283
0.854786392069
0.854495894339
0.85424412964
0.854031097971
0.853856799334
0.853721233726
0.85362440115
0.853566301604
0.853546935088
0.853566301604
0.85362440115
0.853721233726
0.853856799334
0.854031097971
0.85424412964
0.854495894339
0.854786392069
0.85511562283
0.855483586621
0.855890283442
0.856335713295
0.856819876178
0.857342772092
0.857904401036
0.858304642353
0.858511218516
0.855650933176
0.855563535569
0.855394202704
0.855156590458
0.854935365264
0.854730527121
0.85454207603
0.85437001199
0.854214335001
0.854075045064
0.853952142178
0.853845626344
0.853755497561
0.85368175583
0.85362440115
0.853583433521
0.853558852944
0.853550659418
0.853558852944
0.853583433521
0.85362440115
0.85368175583
0.853755497561
0.853845626344
0.853952142178
0.854075045064
0.854214335001
0.85437001199
0.85454207603
0.854730527121
0.854935365264
0.855156590458
0.855394202704
0.855563535569
0.855650933176
0.853934761972
0.853918871498
0.853888083704
0.853844881478
0.853804658715
0.853767415417
0.853733151582
0.853701867211
0.853673562304
0.853648236861
0.853625890882
0.853606524366
0.853590137315
0.853576729727
0.853566301604
0.853558852944
0.853554383748
0.853552894016
0.853554383748
0.853558852944
0.853566301604
0.853576729727
0.853590137315
0.853606524366
0.853625890882
0.853648236861
0.853673562304
0.853701867211
0.853733151582
0.853767415417
0.853804658715
0.853844881478
0.853888083704
0.853918871498
0.853934761972
0.853362704904
0.853370650141
0.853386044038
0.853407645151
0.853427756533
0.853446378182
0.853463510099
0.853479152285
0.853493304738
0.85350596746
0.853517140449
0.853526823707
0.853535017233
0.853541721027
0.853546935088
0.853550659418
0.853552894016
0.853553638882
0.853552894016
0.853550659418
0.853546935088
0.853541721027
0.853535017233
0.853526823707
0.853517140449
0.85350596746
0.853493304738
0.853479152285
0.853463510099
0.853446378182
0.853427756533
0.853407645151
0.853386044038
0.853370650141
0.853362704904
0.853934761972
0.853918871498
0.853888083704
0.853844881478
0.853804658715
0.853767415417
0.853733151582
0.853701867211
0.853673562304
0.853648236861
0.853625890882
0.853606524366
0.853590137315
0.853576729727
0.853566301604
0.853558852944
0.853554383748
0.853552894016
0.853554383748
0.853558852944
0.853566301604
0.853576729727
0.853590137315
0.853606524366
0.853625890882
0.853648236861
0.853673562304
0.853701867211
0.853733151582
0.853767415417
0.853804658715
0.853844881478
0.853888083704
0.853918871498
0.853934761972
0.855650933176
0.855563535569
0.855394202704
0.855156590458
0.854935365264
0.854730527121
0.85454207603
0.85437001199
0.854214335001
0.854075045064
0.853952142178
0.853845626344
0.853755497561
0.85368175583
0.85362440115
0.853583433521
0.853558852944
0.853550659418
0.853558852944
0.853583433521
0.85362440115
0.85368175583
0.853755497561
0.853845626344
0.853952142178
0.854075045064
0.854214335001
0.85437001199
0.85454207603
0.854730527121
0.854935365264
0.855156590458
0.855394202704
0.855563535569
0.855650933176
0.858511218516
0.858304642353
0.857904401036
0.857342772092
0.856819876178
0.856335713295
0.855890283442
0.855483586621
0.85511562283
0.854786392069
0.854495894339
0.85424412964
0.854031097971
0.853856799334
0.853721233726
0.85362440115
0.853566301604
0.853546935088
0.853566301604
0.85362440115
0.853721233726
0.853856799334
0.854031097971
0.85424412964
0.854495894339
0.854786392069
0.85511562283
0.855483586621
0.855890283442
0.856335713295
0.856819876178
0.857342772092
0.857904401036
0.858304642353
0.858511218516
0.862515617992
0.86214219185
0.861418678701
0.860403426379
0.859458191458
0.858582973938
0.85777777382
0.857042591104
0.856377425789
0.855782277876
0.855257147365
0.854802034254
0.854416938546
0.854101860239
0.853856799334
0.85368175583
0.853576729727
0.853541721027
0.853576729727
0.85368175583
0.853856799334
0.854101860239
0.854416938546
0.854802034254
0.855257147365
0.855782277876
0.856377425789
0.857042591104
0.85777777382
0.858582973938
0.859458191458
0.860403426379
0.861418678701
0.86214219185
0.862515617992
0.867664131604
0.867076184062
0.865937035699
0.864338553319
0.862850311103
0.861472309051
0.860204547164
0.85904702544
0.857999743881
0.857062702485
0.856235901254
0.855519340187
0.854913019285
0.854416938546
0.854031097971
0.853755497561
0.853590137315
0.853535017233
0.853590137315
0.853755497561
0.854031097971
0.854416938546
0.854913019285
0.855519340187
0.856235901254
0.857062702485
0.857999743881
0.85904702544
0.860204547164
0.861472309051
0.862850311103
0.864338553319
0.865937035699
0.867076184062
0.867664131604
0.873956759352
0.873106618987
0.87145947203
0.869148152913
0.866996235114
0.865003718634
0.863170603472
0.861496889628
0.859982577103
0.858627665897
0.857432156009
0.856396047439
0.855519340187
0.854802034254
0.85424412964
0.853845626344
0.853606524366
0.853526823707
0.853606524366
0.853845626344
0.85424412964
0.854802034254
0.855519340187
0.856396047439
0.857432156009
0.858627665897
0.859982577103
0.861496889628
0.863170603472
0.865003718634
0.866996235114
0.869148152913
0.87145947203
0.873106618987
0.873956759352
0.881393501236
0.880233496626
0.877985987694
0.87483222516
0.871895963491
0.869177202686
0.866675942745
0.864392183669
0.862325925457
0.86047716811
0.858845911627
0.857432156009
0.856235901254
0.855257147365
0.854495894339
0.853952142178
0.853625890882
0.853517140449
0.853625890882
0.853952142178
0.854495894339
0.855257147365
0.856235901254
0.857432156009
0.858845911627
0.86047716811
0.862325925457
0.864392183669
0.866675942745
0.869177202686
0.871895963491
0.87483222516
0.877985987694
0.880233496626
0.881393501236
0.889974357256
0.888456816978
0.88551658269
0.881390770061
0.877549496233
0.873992761207
0.870720564984
0.867732907562
0.865029788943
0.862611209125
0.86047716811
0.858627665897
0.857062702485
0.855782277876
0.854786392069
0.854075045064
0.853648236861
0.85350596746
0.853648236861
0.854075045064
0.854786392069
0.855782277876
0.857062702485
0.858627665897
0.86047716811
0.862611209125
0.865029788943
0.867732907562
0.870720564984
0.873992761207
0.877549496233
0.881390770061
0.88551658269
0.888456816978
0.889974357256
0.899699327412
0.897776580044
0.89405125702
0.888823787615
0.883956833341
0.879450394199
0.875304470187
0.871519061308
0.86809416756
0.865029788943
0.862325925457
0.859982577103
0.857999743881
0.856377425789
0.85511562283
0.854214335001
0.853673562304
0.853493304738
0.853673562304
0.854214335001
0.85511562283
0.856377425789
0.857999743881
0.859982577103
0.862325925457
0.865029788943
0.86809416756
0.871519061308
0.875304470187
0.879450394199
0.883956833341
0.888823787615
0.89405125702
0.897776580044
0.899699327412
0.910568411704
0.908192785824
0.903590010682
0.897131277822
0.891117974814
0.885550101659
0.880427658356
0.875750644906
0.871519061308
0.867732907562
0.864392183669
0.861496889628
0.85904702544
0.857042591104
0.855483586621
0.85437001199
0.853701867211
0.853479152285
0.853701867211
0.85437001199
0.855483586621
0.857042591104
0.85904702544
0.861496889628
0.864392183669
0.867732907562
0.871519061308
0.875750644906
0.880427658356
0.885550101659
0.891117974814
0.897131277822
0.903590010682
0.908192785824
0.910568411704
0.922581610131
0.919705434317
0.914132843678
0.906313240683
0.899032920654
0.892291883589
0.88609012949
0.880427658356
0.875304470187
0.870720564984
0.866675942745
0.863170603472
0.860204547164
0.85777777382
0.855890283442
0.85454207603
0.853733151582
0.853463510099
0.853733151582
0.85454207603
0.855890283442
0.85777777382
0.860204547164
0.863170603472
0.866675942745
0.870720564984
0.875304470187
0.880427658356
0.88609012949
0.892291883589
0.899032920654
0.906313240683
0.914132843678
0.919705434317
0.922581610131
0.935738922695
0.932314525524
0.925679756006
0.916369676197
0.907701670859
0.899675739989
0.892291883589
0.885550101659
0.879450394199
0.873992761207
0.869177202686
0.865003718634
0.861472309051
0.858582973938
0.856335713295
0.854730527121
0.853767415417
0.853446378182
0.853767415417
0.854730527121
0.856335713295
0.858582973938
0.861472309051
0.865003718634
0.869177202686
0.873992761207
0.879450394199
0.885550101659
0.892291883589
0.899675739989
0.907701670859
0.916369676197
0.925679756006
0.932314525524
0.935738922695
0.950040349395
0.946020059445
0.938230747667
0.927300584365
0.917124225429
0.907701670859
0.899032920654
0.891117974814
0.883956833341
0.877549496233
0.871895963491
0.866996235114
0.862850311103
0.859458191458
0.856819876178
0.854935365264
0.853804658715
0.853427756533
0.853804658715
0.854935365264
0.856819876178
0.859458191458
0.862850311103
0.866996235114
0.871895963491
0.877549496233
0.883956833341
0.891117974814
0.899032920654
0.907701670859
0.917124225429
0.927300584365
0.938230747667
0.946020059445
0.950040349395
0.965485890231
0.960822036079
0.951785818661
0.939105965186
0.927300584365
0.916369676197
0.906313240683
0.897131277822
0.888823787615
0.881390770061
0.87483222516
0.869148152913
0.864338553319
0.860403426379
0.857342772092
0.855156590458
0.853844881478
0.853407645151
0.853844881478
0.855156590458
0.857342772092
0.860403426379
0.864338553319
0.869148152913
0.87483222516
0.881390770061
0.888823787615
0.897131277822
0.906313240683
0.916369676197
0.927300584365
0.939105965186
0.951785818661
0.960822036079
0.965485890231
0.982075545203
0.976720455427
0.966344968988
0.951785818661
0.938230747667
0.925679756006
0.914132843678
0.903590010682
0.89405125702
0.88551658269
0.877985987694
0.87145947203
0.865937035699
0.861418678701
0.857904401036
0.855394202704
0.853888083704
0.853386044038
0.853888083704
0.855394202704
0.857904401036
0.861418678701
0.865937035699
0.87145947203
0.877985987694
0.88551658269
0.89405125702
0.903590010682
0.914132843678
0.925679756006
0.938230747667
0.951785818661
0.966344968988
0.976720455427
0.982075545203
0.993898057941
0.988050363469
0.976720455427
0.960822036079
0.946020059445
0.932314525524
0.919705434317
0.908192785824
0.897776580044
0.888456816978
0.880233496626
0.873106618987
0.867076184062
0.86214219185
0.858304642353
0.855563535569
0.853918871498
0.853370650141
0.853918871498
0.855563535569
0.858304642353
0.86214219185
0.867076184062
0.873106618987
0.880233496626
0.888456816978
0.897776580044
0.908192785824
0.919705434317
0.932314525524
0.946020059445
0.960822036079
0.976720455427
0.988050363469
0.993898057941
1.0
0.993898057941
0.982075545203
0.965485890231
0.950040349395
0.935738922695
0.922581610131
0.910568411704
0.899699327412
0.889974357256
0.881393501236
0.873956759352
0.867664131604
0.862515617992
0.858511218516
0.855650933176
0.853934761972
0.853362704904
0.853934761972
0.855650933176
0.858511218516
0.862515617992
0.867664131604
0.873956759352
0.881393501236
0.889974357256
0.899699327412
0.910568411704
0.922581610131
0.935738922695
0.950040349395
0.965485890231
0.982075545203
0.993898057941
1.0
